677 .99
589 .98
538 .97
501 .96
470 .95
444 .94
422 .93
401 .92
386 .91
366 .90
351 .89
335 .88
322 .87
301 .86
296 .85
284 .84
273 .83
262 .82
251 .81
240 .80
230 .79
220 .78
211 .77
202 .76
193 .75
184 .75
175 .73
166 .72
158 .71
149 .70
141 .69
133 .68
125 .67
117 .66
110 .65
102 .64
95 .63
87 .62
80 .61
72 .60
65 .59
57 .58
50 .57
43 .56
36 .55
29 .54
21 .53
14 .52
7 .51
0 .50
-7 .49
-14 .48
-21 .47
-29 .46
-36 .45
-43 .44
-50 .43
-57 .42
-65 .41
-72 .40
-80 .39
-87 .38
-95 .37
-102 .36
-110 .35
-117 .34
-125 .33
-133 .32
-141 .31
-149 .30
-158 .29
-166 .28
-175 .27
-184 .26
-193 .25
-202 .24
-211 .23
-220 .22
-230 .21
-240 .20
-251 .19
-262 .18
-273 .17
-284 .16
-296 .15
-301 .14
-322 .13
-335 .12
-351 .11
-366 .10
-386 .09
-401 .08
-422 .07
-444 .06
-470 .05
-501 .04
-538 .03
-589 .02
-677 .01